{
 "cells": [
  {
   "cell_type": "code",
   "execution_count": 163,
   "metadata": {},
   "outputs": [],
   "source": [
    "#import dependencies\n",
    "import pandas as pd\n",
    "from datetime import datetime\n",
    "import pymongo"
   ]
  },
  {
   "cell_type": "code",
   "execution_count": 129,
   "metadata": {},
   "outputs": [
    {
     "data": {
      "text/html": [
       "<div>\n",
       "<style scoped>\n",
       "    .dataframe tbody tr th:only-of-type {\n",
       "        vertical-align: middle;\n",
       "    }\n",
       "\n",
       "    .dataframe tbody tr th {\n",
       "        vertical-align: top;\n",
       "    }\n",
       "\n",
       "    .dataframe thead th {\n",
       "        text-align: right;\n",
       "    }\n",
       "</style>\n",
       "<table border=\"1\" class=\"dataframe\">\n",
       "  <thead>\n",
       "    <tr style=\"text-align: right;\">\n",
       "      <th></th>\n",
       "      <th>Date</th>\n",
       "      <th>Close/Last</th>\n",
       "      <th>Volume</th>\n",
       "      <th>Open</th>\n",
       "      <th>High</th>\n",
       "      <th>Low</th>\n",
       "    </tr>\n",
       "  </thead>\n",
       "  <tbody>\n",
       "    <tr>\n",
       "      <th>0</th>\n",
       "      <td>01/28/2021</td>\n",
       "      <td>$18.1</td>\n",
       "      <td>319607600</td>\n",
       "      <td>$20.33</td>\n",
       "      <td>$21.77</td>\n",
       "      <td>$16.82</td>\n",
       "    </tr>\n",
       "    <tr>\n",
       "      <th>1</th>\n",
       "      <td>01/27/2021</td>\n",
       "      <td>$16.56</td>\n",
       "      <td>178529000</td>\n",
       "      <td>$15.42</td>\n",
       "      <td>$17.81</td>\n",
       "      <td>$15.38</td>\n",
       "    </tr>\n",
       "    <tr>\n",
       "      <th>2</th>\n",
       "      <td>01/26/2021</td>\n",
       "      <td>$15.53</td>\n",
       "      <td>44571080</td>\n",
       "      <td>$15.52</td>\n",
       "      <td>$15.765</td>\n",
       "      <td>$15.33</td>\n",
       "    </tr>\n",
       "    <tr>\n",
       "      <th>3</th>\n",
       "      <td>01/25/2021</td>\n",
       "      <td>$15.43</td>\n",
       "      <td>61954500</td>\n",
       "      <td>$15.52</td>\n",
       "      <td>$15.56</td>\n",
       "      <td>$15.02</td>\n",
       "    </tr>\n",
       "    <tr>\n",
       "      <th>4</th>\n",
       "      <td>01/22/2021</td>\n",
       "      <td>$15.82</td>\n",
       "      <td>39126570</td>\n",
       "      <td>$15.57</td>\n",
       "      <td>$15.84</td>\n",
       "      <td>$15.46</td>\n",
       "    </tr>\n",
       "  </tbody>\n",
       "</table>\n",
       "</div>"
      ],
      "text/plain": [
       "         Date  Close/Last     Volume     Open      High      Low\n",
       "0  01/28/2021       $18.1  319607600   $20.33    $21.77   $16.82\n",
       "1  01/27/2021      $16.56  178529000   $15.42    $17.81   $15.38\n",
       "2  01/26/2021      $15.53   44571080   $15.52   $15.765   $15.33\n",
       "3  01/25/2021      $15.43   61954500   $15.52    $15.56   $15.02\n",
       "4  01/22/2021      $15.82   39126570   $15.57    $15.84   $15.46"
      ]
     },
     "execution_count": 129,
     "metadata": {},
     "output_type": "execute_result"
    }
   ],
   "source": [
    "#read american airlines csv\n",
    "american_df = pd.read_csv(\"data/5yrAmericanAirlines.csv\")\n",
    "\n",
    "#display dataframe\n",
    "american_df.head()"
   ]
  },
  {
   "cell_type": "code",
   "execution_count": 130,
   "metadata": {},
   "outputs": [
    {
     "data": {
      "text/plain": [
       "Index(['Date', ' Close/Last', ' Volume', ' Open', ' High', ' Low'], dtype='object')"
      ]
     },
     "execution_count": 130,
     "metadata": {},
     "output_type": "execute_result"
    }
   ],
   "source": [
    "#determining column names\n",
    "american_df.columns"
   ]
  },
  {
   "cell_type": "code",
   "execution_count": 131,
   "metadata": {},
   "outputs": [
    {
     "data": {
      "text/html": [
       "<div>\n",
       "<style scoped>\n",
       "    .dataframe tbody tr th:only-of-type {\n",
       "        vertical-align: middle;\n",
       "    }\n",
       "\n",
       "    .dataframe tbody tr th {\n",
       "        vertical-align: top;\n",
       "    }\n",
       "\n",
       "    .dataframe thead th {\n",
       "        text-align: right;\n",
       "    }\n",
       "</style>\n",
       "<table border=\"1\" class=\"dataframe\">\n",
       "  <thead>\n",
       "    <tr style=\"text-align: right;\">\n",
       "      <th></th>\n",
       "      <th>Date</th>\n",
       "      <th>AAL_Close/Last</th>\n",
       "      <th>AAL_Volume</th>\n",
       "      <th>AAL_Open</th>\n",
       "      <th>AAL_High</th>\n",
       "      <th>AAL_Low</th>\n",
       "    </tr>\n",
       "  </thead>\n",
       "  <tbody>\n",
       "    <tr>\n",
       "      <th>0</th>\n",
       "      <td>01/28/2021</td>\n",
       "      <td>$18.1</td>\n",
       "      <td>319607600</td>\n",
       "      <td>$20.33</td>\n",
       "      <td>$21.77</td>\n",
       "      <td>$16.82</td>\n",
       "    </tr>\n",
       "    <tr>\n",
       "      <th>1</th>\n",
       "      <td>01/27/2021</td>\n",
       "      <td>$16.56</td>\n",
       "      <td>178529000</td>\n",
       "      <td>$15.42</td>\n",
       "      <td>$17.81</td>\n",
       "      <td>$15.38</td>\n",
       "    </tr>\n",
       "    <tr>\n",
       "      <th>2</th>\n",
       "      <td>01/26/2021</td>\n",
       "      <td>$15.53</td>\n",
       "      <td>44571080</td>\n",
       "      <td>$15.52</td>\n",
       "      <td>$15.765</td>\n",
       "      <td>$15.33</td>\n",
       "    </tr>\n",
       "    <tr>\n",
       "      <th>3</th>\n",
       "      <td>01/25/2021</td>\n",
       "      <td>$15.43</td>\n",
       "      <td>61954500</td>\n",
       "      <td>$15.52</td>\n",
       "      <td>$15.56</td>\n",
       "      <td>$15.02</td>\n",
       "    </tr>\n",
       "    <tr>\n",
       "      <th>4</th>\n",
       "      <td>01/22/2021</td>\n",
       "      <td>$15.82</td>\n",
       "      <td>39126570</td>\n",
       "      <td>$15.57</td>\n",
       "      <td>$15.84</td>\n",
       "      <td>$15.46</td>\n",
       "    </tr>\n",
       "  </tbody>\n",
       "</table>\n",
       "</div>"
      ],
      "text/plain": [
       "         Date AAL_Close/Last  AAL_Volume AAL_Open  AAL_High  AAL_Low\n",
       "0  01/28/2021          $18.1   319607600   $20.33    $21.77   $16.82\n",
       "1  01/27/2021         $16.56   178529000   $15.42    $17.81   $15.38\n",
       "2  01/26/2021         $15.53    44571080   $15.52   $15.765   $15.33\n",
       "3  01/25/2021         $15.43    61954500   $15.52    $15.56   $15.02\n",
       "4  01/22/2021         $15.82    39126570   $15.57    $15.84   $15.46"
      ]
     },
     "execution_count": 131,
     "metadata": {},
     "output_type": "execute_result"
    }
   ],
   "source": [
    "#renaming columns to differentiate between datasets\n",
    "american_air = american_df.rename(columns={\" Close/Last\":\"AAL_Close/Last\",\" Volume\":\"AAL_Volume\",\" Open\":\"AAL_Open\",\" High\":\"AAL_High\",\" Low\":\"AAL_Low\"})\n",
    "\n",
    "#display dataframe\n",
    "american_air.head()"
   ]
  },
  {
   "cell_type": "code",
   "execution_count": 132,
   "metadata": {},
   "outputs": [
    {
     "data": {
      "text/html": [
       "<div>\n",
       "<style scoped>\n",
       "    .dataframe tbody tr th:only-of-type {\n",
       "        vertical-align: middle;\n",
       "    }\n",
       "\n",
       "    .dataframe tbody tr th {\n",
       "        vertical-align: top;\n",
       "    }\n",
       "\n",
       "    .dataframe thead th {\n",
       "        text-align: right;\n",
       "    }\n",
       "</style>\n",
       "<table border=\"1\" class=\"dataframe\">\n",
       "  <thead>\n",
       "    <tr style=\"text-align: right;\">\n",
       "      <th></th>\n",
       "      <th>Date</th>\n",
       "      <th>AAL_Close/Last</th>\n",
       "      <th>AAL_Volume</th>\n",
       "      <th>AAL_Open</th>\n",
       "      <th>AAL_High</th>\n",
       "      <th>AAL_Low</th>\n",
       "    </tr>\n",
       "  </thead>\n",
       "  <tbody>\n",
       "    <tr>\n",
       "      <th>0</th>\n",
       "      <td>2021-01-28</td>\n",
       "      <td>$18.1</td>\n",
       "      <td>319607600</td>\n",
       "      <td>$20.33</td>\n",
       "      <td>$21.77</td>\n",
       "      <td>$16.82</td>\n",
       "    </tr>\n",
       "    <tr>\n",
       "      <th>1</th>\n",
       "      <td>2021-01-27</td>\n",
       "      <td>$16.56</td>\n",
       "      <td>178529000</td>\n",
       "      <td>$15.42</td>\n",
       "      <td>$17.81</td>\n",
       "      <td>$15.38</td>\n",
       "    </tr>\n",
       "    <tr>\n",
       "      <th>2</th>\n",
       "      <td>2021-01-26</td>\n",
       "      <td>$15.53</td>\n",
       "      <td>44571080</td>\n",
       "      <td>$15.52</td>\n",
       "      <td>$15.765</td>\n",
       "      <td>$15.33</td>\n",
       "    </tr>\n",
       "    <tr>\n",
       "      <th>3</th>\n",
       "      <td>2021-01-25</td>\n",
       "      <td>$15.43</td>\n",
       "      <td>61954500</td>\n",
       "      <td>$15.52</td>\n",
       "      <td>$15.56</td>\n",
       "      <td>$15.02</td>\n",
       "    </tr>\n",
       "    <tr>\n",
       "      <th>4</th>\n",
       "      <td>2021-01-22</td>\n",
       "      <td>$15.82</td>\n",
       "      <td>39126570</td>\n",
       "      <td>$15.57</td>\n",
       "      <td>$15.84</td>\n",
       "      <td>$15.46</td>\n",
       "    </tr>\n",
       "  </tbody>\n",
       "</table>\n",
       "</div>"
      ],
      "text/plain": [
       "        Date AAL_Close/Last  AAL_Volume AAL_Open  AAL_High  AAL_Low\n",
       "0 2021-01-28          $18.1   319607600   $20.33    $21.77   $16.82\n",
       "1 2021-01-27         $16.56   178529000   $15.42    $17.81   $15.38\n",
       "2 2021-01-26         $15.53    44571080   $15.52   $15.765   $15.33\n",
       "3 2021-01-25         $15.43    61954500   $15.52    $15.56   $15.02\n",
       "4 2021-01-22         $15.82    39126570   $15.57    $15.84   $15.46"
      ]
     },
     "execution_count": 132,
     "metadata": {},
     "output_type": "execute_result"
    }
   ],
   "source": [
    "#converting the date column from object to datetime, in order to better manipulate the data for graphs\n",
    "american_air['Date'] = pd.to_datetime(american_air['Date'])\n",
    "american_air.head()"
   ]
  },
  {
   "cell_type": "code",
   "execution_count": 134,
   "metadata": {},
   "outputs": [
    {
     "data": {
      "text/html": [
       "<div>\n",
       "<style scoped>\n",
       "    .dataframe tbody tr th:only-of-type {\n",
       "        vertical-align: middle;\n",
       "    }\n",
       "\n",
       "    .dataframe tbody tr th {\n",
       "        vertical-align: top;\n",
       "    }\n",
       "\n",
       "    .dataframe thead th {\n",
       "        text-align: right;\n",
       "    }\n",
       "</style>\n",
       "<table border=\"1\" class=\"dataframe\">\n",
       "  <thead>\n",
       "    <tr style=\"text-align: right;\">\n",
       "      <th></th>\n",
       "      <th>Date</th>\n",
       "      <th>Close/Last</th>\n",
       "      <th>Volume</th>\n",
       "      <th>Open</th>\n",
       "      <th>High</th>\n",
       "      <th>Low</th>\n",
       "    </tr>\n",
       "  </thead>\n",
       "  <tbody>\n",
       "    <tr>\n",
       "      <th>0</th>\n",
       "      <td>01/28/2021</td>\n",
       "      <td>$14.65</td>\n",
       "      <td>14905990</td>\n",
       "      <td>$15.15</td>\n",
       "      <td>$15.7</td>\n",
       "      <td>$14.58</td>\n",
       "    </tr>\n",
       "    <tr>\n",
       "      <th>1</th>\n",
       "      <td>01/27/2021</td>\n",
       "      <td>$14.68</td>\n",
       "      <td>10653670</td>\n",
       "      <td>$14.53</td>\n",
       "      <td>$15.0981</td>\n",
       "      <td>$14.52</td>\n",
       "    </tr>\n",
       "    <tr>\n",
       "      <th>2</th>\n",
       "      <td>01/26/2021</td>\n",
       "      <td>$14.85</td>\n",
       "      <td>7328490</td>\n",
       "      <td>$14.69</td>\n",
       "      <td>$14.97</td>\n",
       "      <td>$14.66</td>\n",
       "    </tr>\n",
       "    <tr>\n",
       "      <th>3</th>\n",
       "      <td>01/25/2021</td>\n",
       "      <td>$14.59</td>\n",
       "      <td>8927983</td>\n",
       "      <td>$15.1</td>\n",
       "      <td>$15.18</td>\n",
       "      <td>$14.57</td>\n",
       "    </tr>\n",
       "    <tr>\n",
       "      <th>4</th>\n",
       "      <td>01/22/2021</td>\n",
       "      <td>$15.29</td>\n",
       "      <td>4820559</td>\n",
       "      <td>$15.07</td>\n",
       "      <td>$15.3</td>\n",
       "      <td>$15.02</td>\n",
       "    </tr>\n",
       "  </tbody>\n",
       "</table>\n",
       "</div>"
      ],
      "text/plain": [
       "         Date  Close/Last    Volume     Open       High      Low\n",
       "0  01/28/2021      $14.65  14905990   $15.15      $15.7   $14.58\n",
       "1  01/27/2021      $14.68  10653670   $14.53   $15.0981   $14.52\n",
       "2  01/26/2021      $14.85   7328490   $14.69     $14.97   $14.66\n",
       "3  01/25/2021      $14.59   8927983    $15.1     $15.18   $14.57\n",
       "4  01/22/2021      $15.29   4820559   $15.07      $15.3   $15.02"
      ]
     },
     "execution_count": 134,
     "metadata": {},
     "output_type": "execute_result"
    }
   ],
   "source": [
    "#read jetblue airlines csv\n",
    "jetblue_df = pd.read_csv(\"data/5yrJetBlue.csv\")\n",
    "\n",
    "#display dataframe\n",
    "jetblue_df.head()"
   ]
  },
  {
   "cell_type": "code",
   "execution_count": 135,
   "metadata": {},
   "outputs": [
    {
     "data": {
      "text/html": [
       "<div>\n",
       "<style scoped>\n",
       "    .dataframe tbody tr th:only-of-type {\n",
       "        vertical-align: middle;\n",
       "    }\n",
       "\n",
       "    .dataframe tbody tr th {\n",
       "        vertical-align: top;\n",
       "    }\n",
       "\n",
       "    .dataframe thead th {\n",
       "        text-align: right;\n",
       "    }\n",
       "</style>\n",
       "<table border=\"1\" class=\"dataframe\">\n",
       "  <thead>\n",
       "    <tr style=\"text-align: right;\">\n",
       "      <th></th>\n",
       "      <th>Date</th>\n",
       "      <th>JBLU_Close/Last</th>\n",
       "      <th>JBLU_Volume</th>\n",
       "      <th>JBLU_Open</th>\n",
       "      <th>JBLU_High</th>\n",
       "      <th>JBLU_Low</th>\n",
       "    </tr>\n",
       "  </thead>\n",
       "  <tbody>\n",
       "    <tr>\n",
       "      <th>0</th>\n",
       "      <td>01/28/2021</td>\n",
       "      <td>$14.65</td>\n",
       "      <td>14905990</td>\n",
       "      <td>$15.15</td>\n",
       "      <td>$15.7</td>\n",
       "      <td>$14.58</td>\n",
       "    </tr>\n",
       "    <tr>\n",
       "      <th>1</th>\n",
       "      <td>01/27/2021</td>\n",
       "      <td>$14.68</td>\n",
       "      <td>10653670</td>\n",
       "      <td>$14.53</td>\n",
       "      <td>$15.0981</td>\n",
       "      <td>$14.52</td>\n",
       "    </tr>\n",
       "    <tr>\n",
       "      <th>2</th>\n",
       "      <td>01/26/2021</td>\n",
       "      <td>$14.85</td>\n",
       "      <td>7328490</td>\n",
       "      <td>$14.69</td>\n",
       "      <td>$14.97</td>\n",
       "      <td>$14.66</td>\n",
       "    </tr>\n",
       "    <tr>\n",
       "      <th>3</th>\n",
       "      <td>01/25/2021</td>\n",
       "      <td>$14.59</td>\n",
       "      <td>8927983</td>\n",
       "      <td>$15.1</td>\n",
       "      <td>$15.18</td>\n",
       "      <td>$14.57</td>\n",
       "    </tr>\n",
       "    <tr>\n",
       "      <th>4</th>\n",
       "      <td>01/22/2021</td>\n",
       "      <td>$15.29</td>\n",
       "      <td>4820559</td>\n",
       "      <td>$15.07</td>\n",
       "      <td>$15.3</td>\n",
       "      <td>$15.02</td>\n",
       "    </tr>\n",
       "  </tbody>\n",
       "</table>\n",
       "</div>"
      ],
      "text/plain": [
       "         Date JBLU_Close/Last  JBLU_Volume JBLU_Open  JBLU_High JBLU_Low\n",
       "0  01/28/2021          $14.65     14905990    $15.15      $15.7   $14.58\n",
       "1  01/27/2021          $14.68     10653670    $14.53   $15.0981   $14.52\n",
       "2  01/26/2021          $14.85      7328490    $14.69     $14.97   $14.66\n",
       "3  01/25/2021          $14.59      8927983     $15.1     $15.18   $14.57\n",
       "4  01/22/2021          $15.29      4820559    $15.07      $15.3   $15.02"
      ]
     },
     "execution_count": 135,
     "metadata": {},
     "output_type": "execute_result"
    }
   ],
   "source": [
    "#renaming columns to differentiate between datasets\n",
    "jetblue = jetblue_df.rename(columns={\" Close/Last\":\"JBLU_Close/Last\",\" Volume\":\"JBLU_Volume\",\" Open\":\"JBLU_Open\",\" High\":\"JBLU_High\",\" Low\":\"JBLU_Low\"})\n",
    "\n",
    "#display dataframe\n",
    "jetblue.head()"
   ]
  },
  {
   "cell_type": "code",
   "execution_count": 136,
   "metadata": {},
   "outputs": [
    {
     "data": {
      "text/html": [
       "<div>\n",
       "<style scoped>\n",
       "    .dataframe tbody tr th:only-of-type {\n",
       "        vertical-align: middle;\n",
       "    }\n",
       "\n",
       "    .dataframe tbody tr th {\n",
       "        vertical-align: top;\n",
       "    }\n",
       "\n",
       "    .dataframe thead th {\n",
       "        text-align: right;\n",
       "    }\n",
       "</style>\n",
       "<table border=\"1\" class=\"dataframe\">\n",
       "  <thead>\n",
       "    <tr style=\"text-align: right;\">\n",
       "      <th></th>\n",
       "      <th>Date</th>\n",
       "      <th>JBLU_Close/Last</th>\n",
       "      <th>JBLU_Volume</th>\n",
       "      <th>JBLU_Open</th>\n",
       "      <th>JBLU_High</th>\n",
       "      <th>JBLU_Low</th>\n",
       "    </tr>\n",
       "  </thead>\n",
       "  <tbody>\n",
       "    <tr>\n",
       "      <th>0</th>\n",
       "      <td>2021-01-28</td>\n",
       "      <td>$14.65</td>\n",
       "      <td>14905990</td>\n",
       "      <td>$15.15</td>\n",
       "      <td>$15.7</td>\n",
       "      <td>$14.58</td>\n",
       "    </tr>\n",
       "    <tr>\n",
       "      <th>1</th>\n",
       "      <td>2021-01-27</td>\n",
       "      <td>$14.68</td>\n",
       "      <td>10653670</td>\n",
       "      <td>$14.53</td>\n",
       "      <td>$15.0981</td>\n",
       "      <td>$14.52</td>\n",
       "    </tr>\n",
       "    <tr>\n",
       "      <th>2</th>\n",
       "      <td>2021-01-26</td>\n",
       "      <td>$14.85</td>\n",
       "      <td>7328490</td>\n",
       "      <td>$14.69</td>\n",
       "      <td>$14.97</td>\n",
       "      <td>$14.66</td>\n",
       "    </tr>\n",
       "    <tr>\n",
       "      <th>3</th>\n",
       "      <td>2021-01-25</td>\n",
       "      <td>$14.59</td>\n",
       "      <td>8927983</td>\n",
       "      <td>$15.1</td>\n",
       "      <td>$15.18</td>\n",
       "      <td>$14.57</td>\n",
       "    </tr>\n",
       "    <tr>\n",
       "      <th>4</th>\n",
       "      <td>2021-01-22</td>\n",
       "      <td>$15.29</td>\n",
       "      <td>4820559</td>\n",
       "      <td>$15.07</td>\n",
       "      <td>$15.3</td>\n",
       "      <td>$15.02</td>\n",
       "    </tr>\n",
       "  </tbody>\n",
       "</table>\n",
       "</div>"
      ],
      "text/plain": [
       "        Date JBLU_Close/Last  JBLU_Volume JBLU_Open  JBLU_High JBLU_Low\n",
       "0 2021-01-28          $14.65     14905990    $15.15      $15.7   $14.58\n",
       "1 2021-01-27          $14.68     10653670    $14.53   $15.0981   $14.52\n",
       "2 2021-01-26          $14.85      7328490    $14.69     $14.97   $14.66\n",
       "3 2021-01-25          $14.59      8927983     $15.1     $15.18   $14.57\n",
       "4 2021-01-22          $15.29      4820559    $15.07      $15.3   $15.02"
      ]
     },
     "execution_count": 136,
     "metadata": {},
     "output_type": "execute_result"
    }
   ],
   "source": [
    "#converting the date column from object to datetime, in order to better manipulate the data for graphs\n",
    "jetblue['Date'] = pd.to_datetime(jetblue['Date'])\n",
    "jetblue.head()"
   ]
  },
  {
   "cell_type": "code",
   "execution_count": 137,
   "metadata": {},
   "outputs": [
    {
     "data": {
      "text/html": [
       "<div>\n",
       "<style scoped>\n",
       "    .dataframe tbody tr th:only-of-type {\n",
       "        vertical-align: middle;\n",
       "    }\n",
       "\n",
       "    .dataframe tbody tr th {\n",
       "        vertical-align: top;\n",
       "    }\n",
       "\n",
       "    .dataframe thead th {\n",
       "        text-align: right;\n",
       "    }\n",
       "</style>\n",
       "<table border=\"1\" class=\"dataframe\">\n",
       "  <thead>\n",
       "    <tr style=\"text-align: right;\">\n",
       "      <th></th>\n",
       "      <th>Date</th>\n",
       "      <th>Close/Last</th>\n",
       "      <th>Volume</th>\n",
       "      <th>Open</th>\n",
       "      <th>High</th>\n",
       "      <th>Low</th>\n",
       "    </tr>\n",
       "  </thead>\n",
       "  <tbody>\n",
       "    <tr>\n",
       "      <th>0</th>\n",
       "      <td>01/28/2021</td>\n",
       "      <td>$44.6</td>\n",
       "      <td>12404570</td>\n",
       "      <td>$45.16</td>\n",
       "      <td>$46.25</td>\n",
       "      <td>$44.33</td>\n",
       "    </tr>\n",
       "    <tr>\n",
       "      <th>1</th>\n",
       "      <td>01/27/2021</td>\n",
       "      <td>$44.15</td>\n",
       "      <td>10428720</td>\n",
       "      <td>$45.25</td>\n",
       "      <td>$45.7</td>\n",
       "      <td>$43.87</td>\n",
       "    </tr>\n",
       "    <tr>\n",
       "      <th>2</th>\n",
       "      <td>01/26/2021</td>\n",
       "      <td>$45.81</td>\n",
       "      <td>5667206</td>\n",
       "      <td>$45.75</td>\n",
       "      <td>$46.22</td>\n",
       "      <td>$45.6</td>\n",
       "    </tr>\n",
       "    <tr>\n",
       "      <th>3</th>\n",
       "      <td>01/25/2021</td>\n",
       "      <td>$45.62</td>\n",
       "      <td>13345650</td>\n",
       "      <td>$47.28</td>\n",
       "      <td>$47.34</td>\n",
       "      <td>$45.17</td>\n",
       "    </tr>\n",
       "    <tr>\n",
       "      <th>4</th>\n",
       "      <td>01/22/2021</td>\n",
       "      <td>$47.39</td>\n",
       "      <td>4812538</td>\n",
       "      <td>$47.18</td>\n",
       "      <td>$47.75</td>\n",
       "      <td>$47.07</td>\n",
       "    </tr>\n",
       "  </tbody>\n",
       "</table>\n",
       "</div>"
      ],
      "text/plain": [
       "         Date  Close/Last    Volume     Open     High      Low\n",
       "0  01/28/2021       $44.6  12404570   $45.16   $46.25   $44.33\n",
       "1  01/27/2021      $44.15  10428720   $45.25    $45.7   $43.87\n",
       "2  01/26/2021      $45.81   5667206   $45.75   $46.22    $45.6\n",
       "3  01/25/2021      $45.62  13345650   $47.28   $47.34   $45.17\n",
       "4  01/22/2021      $47.39   4812538   $47.18   $47.75   $47.07"
      ]
     },
     "execution_count": 137,
     "metadata": {},
     "output_type": "execute_result"
    }
   ],
   "source": [
    "#read southwest airlines csv\n",
    "southwest_df = pd.read_csv(\"data/5yrSouthwest.csv\")\n",
    "\n",
    "#display dataframe\n",
    "southwest_df.head()"
   ]
  },
  {
   "cell_type": "code",
   "execution_count": 138,
   "metadata": {},
   "outputs": [
    {
     "data": {
      "text/html": [
       "<div>\n",
       "<style scoped>\n",
       "    .dataframe tbody tr th:only-of-type {\n",
       "        vertical-align: middle;\n",
       "    }\n",
       "\n",
       "    .dataframe tbody tr th {\n",
       "        vertical-align: top;\n",
       "    }\n",
       "\n",
       "    .dataframe thead th {\n",
       "        text-align: right;\n",
       "    }\n",
       "</style>\n",
       "<table border=\"1\" class=\"dataframe\">\n",
       "  <thead>\n",
       "    <tr style=\"text-align: right;\">\n",
       "      <th></th>\n",
       "      <th>Date</th>\n",
       "      <th>LUV_Close/Last</th>\n",
       "      <th>LUV_Volume</th>\n",
       "      <th>LUV_Open</th>\n",
       "      <th>LUV_High</th>\n",
       "      <th>LUV_Low</th>\n",
       "    </tr>\n",
       "  </thead>\n",
       "  <tbody>\n",
       "    <tr>\n",
       "      <th>0</th>\n",
       "      <td>01/28/2021</td>\n",
       "      <td>$44.6</td>\n",
       "      <td>12404570</td>\n",
       "      <td>$45.16</td>\n",
       "      <td>$46.25</td>\n",
       "      <td>$44.33</td>\n",
       "    </tr>\n",
       "    <tr>\n",
       "      <th>1</th>\n",
       "      <td>01/27/2021</td>\n",
       "      <td>$44.15</td>\n",
       "      <td>10428720</td>\n",
       "      <td>$45.25</td>\n",
       "      <td>$45.7</td>\n",
       "      <td>$43.87</td>\n",
       "    </tr>\n",
       "    <tr>\n",
       "      <th>2</th>\n",
       "      <td>01/26/2021</td>\n",
       "      <td>$45.81</td>\n",
       "      <td>5667206</td>\n",
       "      <td>$45.75</td>\n",
       "      <td>$46.22</td>\n",
       "      <td>$45.6</td>\n",
       "    </tr>\n",
       "    <tr>\n",
       "      <th>3</th>\n",
       "      <td>01/25/2021</td>\n",
       "      <td>$45.62</td>\n",
       "      <td>13345650</td>\n",
       "      <td>$47.28</td>\n",
       "      <td>$47.34</td>\n",
       "      <td>$45.17</td>\n",
       "    </tr>\n",
       "    <tr>\n",
       "      <th>4</th>\n",
       "      <td>01/22/2021</td>\n",
       "      <td>$47.39</td>\n",
       "      <td>4812538</td>\n",
       "      <td>$47.18</td>\n",
       "      <td>$47.75</td>\n",
       "      <td>$47.07</td>\n",
       "    </tr>\n",
       "  </tbody>\n",
       "</table>\n",
       "</div>"
      ],
      "text/plain": [
       "         Date LUV_Close/Last  LUV_Volume LUV_Open LUV_High  LUV_Low\n",
       "0  01/28/2021          $44.6    12404570   $45.16   $46.25   $44.33\n",
       "1  01/27/2021         $44.15    10428720   $45.25    $45.7   $43.87\n",
       "2  01/26/2021         $45.81     5667206   $45.75   $46.22    $45.6\n",
       "3  01/25/2021         $45.62    13345650   $47.28   $47.34   $45.17\n",
       "4  01/22/2021         $47.39     4812538   $47.18   $47.75   $47.07"
      ]
     },
     "execution_count": 138,
     "metadata": {},
     "output_type": "execute_result"
    }
   ],
   "source": [
    "#renaming columns to differentiate between datasets\n",
    "southwest = southwest_df.rename(columns={\" Close/Last\":\"LUV_Close/Last\",\" Volume\":\"LUV_Volume\",\" Open\":\"LUV_Open\",\" High\":\"LUV_High\",\" Low\":\"LUV_Low\"})\n",
    "\n",
    "#display dataframe\n",
    "southwest.head()"
   ]
  },
  {
   "cell_type": "code",
   "execution_count": 139,
   "metadata": {},
   "outputs": [
    {
     "data": {
      "text/html": [
       "<div>\n",
       "<style scoped>\n",
       "    .dataframe tbody tr th:only-of-type {\n",
       "        vertical-align: middle;\n",
       "    }\n",
       "\n",
       "    .dataframe tbody tr th {\n",
       "        vertical-align: top;\n",
       "    }\n",
       "\n",
       "    .dataframe thead th {\n",
       "        text-align: right;\n",
       "    }\n",
       "</style>\n",
       "<table border=\"1\" class=\"dataframe\">\n",
       "  <thead>\n",
       "    <tr style=\"text-align: right;\">\n",
       "      <th></th>\n",
       "      <th>Date</th>\n",
       "      <th>LUV_Close/Last</th>\n",
       "      <th>LUV_Volume</th>\n",
       "      <th>LUV_Open</th>\n",
       "      <th>LUV_High</th>\n",
       "      <th>LUV_Low</th>\n",
       "    </tr>\n",
       "  </thead>\n",
       "  <tbody>\n",
       "    <tr>\n",
       "      <th>0</th>\n",
       "      <td>2021-01-28</td>\n",
       "      <td>$44.6</td>\n",
       "      <td>12404570</td>\n",
       "      <td>$45.16</td>\n",
       "      <td>$46.25</td>\n",
       "      <td>$44.33</td>\n",
       "    </tr>\n",
       "    <tr>\n",
       "      <th>1</th>\n",
       "      <td>2021-01-27</td>\n",
       "      <td>$44.15</td>\n",
       "      <td>10428720</td>\n",
       "      <td>$45.25</td>\n",
       "      <td>$45.7</td>\n",
       "      <td>$43.87</td>\n",
       "    </tr>\n",
       "    <tr>\n",
       "      <th>2</th>\n",
       "      <td>2021-01-26</td>\n",
       "      <td>$45.81</td>\n",
       "      <td>5667206</td>\n",
       "      <td>$45.75</td>\n",
       "      <td>$46.22</td>\n",
       "      <td>$45.6</td>\n",
       "    </tr>\n",
       "    <tr>\n",
       "      <th>3</th>\n",
       "      <td>2021-01-25</td>\n",
       "      <td>$45.62</td>\n",
       "      <td>13345650</td>\n",
       "      <td>$47.28</td>\n",
       "      <td>$47.34</td>\n",
       "      <td>$45.17</td>\n",
       "    </tr>\n",
       "    <tr>\n",
       "      <th>4</th>\n",
       "      <td>2021-01-22</td>\n",
       "      <td>$47.39</td>\n",
       "      <td>4812538</td>\n",
       "      <td>$47.18</td>\n",
       "      <td>$47.75</td>\n",
       "      <td>$47.07</td>\n",
       "    </tr>\n",
       "  </tbody>\n",
       "</table>\n",
       "</div>"
      ],
      "text/plain": [
       "        Date LUV_Close/Last  LUV_Volume LUV_Open LUV_High  LUV_Low\n",
       "0 2021-01-28          $44.6    12404570   $45.16   $46.25   $44.33\n",
       "1 2021-01-27         $44.15    10428720   $45.25    $45.7   $43.87\n",
       "2 2021-01-26         $45.81     5667206   $45.75   $46.22    $45.6\n",
       "3 2021-01-25         $45.62    13345650   $47.28   $47.34   $45.17\n",
       "4 2021-01-22         $47.39     4812538   $47.18   $47.75   $47.07"
      ]
     },
     "execution_count": 139,
     "metadata": {},
     "output_type": "execute_result"
    }
   ],
   "source": [
    "#converting the date column from object to datetime, in order to better manipulate the data for graphs\n",
    "southwest['Date'] = pd.to_datetime(southwest['Date'])\n",
    "southwest.head()"
   ]
  },
  {
   "cell_type": "code",
   "execution_count": 140,
   "metadata": {},
   "outputs": [
    {
     "data": {
      "text/html": [
       "<div>\n",
       "<style scoped>\n",
       "    .dataframe tbody tr th:only-of-type {\n",
       "        vertical-align: middle;\n",
       "    }\n",
       "\n",
       "    .dataframe tbody tr th {\n",
       "        vertical-align: top;\n",
       "    }\n",
       "\n",
       "    .dataframe thead th {\n",
       "        text-align: right;\n",
       "    }\n",
       "</style>\n",
       "<table border=\"1\" class=\"dataframe\">\n",
       "  <thead>\n",
       "    <tr style=\"text-align: right;\">\n",
       "      <th></th>\n",
       "      <th>Date</th>\n",
       "      <th>Close/Last</th>\n",
       "      <th>Volume</th>\n",
       "      <th>Open</th>\n",
       "      <th>High</th>\n",
       "      <th>Low</th>\n",
       "    </tr>\n",
       "  </thead>\n",
       "  <tbody>\n",
       "    <tr>\n",
       "      <th>0</th>\n",
       "      <td>01/28/2021</td>\n",
       "      <td>$26.71</td>\n",
       "      <td>7819099</td>\n",
       "      <td>$26.76</td>\n",
       "      <td>$27.45</td>\n",
       "      <td>$26.06</td>\n",
       "    </tr>\n",
       "    <tr>\n",
       "      <th>1</th>\n",
       "      <td>01/27/2021</td>\n",
       "      <td>$25.45</td>\n",
       "      <td>7976574</td>\n",
       "      <td>$26.28</td>\n",
       "      <td>$27.02</td>\n",
       "      <td>$25.2001</td>\n",
       "    </tr>\n",
       "    <tr>\n",
       "      <th>2</th>\n",
       "      <td>01/26/2021</td>\n",
       "      <td>$26.86</td>\n",
       "      <td>3390666</td>\n",
       "      <td>$27.41</td>\n",
       "      <td>$27.96</td>\n",
       "      <td>$26.79</td>\n",
       "    </tr>\n",
       "    <tr>\n",
       "      <th>3</th>\n",
       "      <td>01/25/2021</td>\n",
       "      <td>$27.26</td>\n",
       "      <td>5208525</td>\n",
       "      <td>$27.34</td>\n",
       "      <td>$27.89</td>\n",
       "      <td>$26.07</td>\n",
       "    </tr>\n",
       "    <tr>\n",
       "      <th>4</th>\n",
       "      <td>01/22/2021</td>\n",
       "      <td>$27.67</td>\n",
       "      <td>3078762</td>\n",
       "      <td>$26.8</td>\n",
       "      <td>$27.69</td>\n",
       "      <td>$26.66</td>\n",
       "    </tr>\n",
       "  </tbody>\n",
       "</table>\n",
       "</div>"
      ],
      "text/plain": [
       "         Date  Close/Last   Volume     Open     High        Low\n",
       "0  01/28/2021      $26.71  7819099   $26.76   $27.45     $26.06\n",
       "1  01/27/2021      $25.45  7976574   $26.28   $27.02   $25.2001\n",
       "2  01/26/2021      $26.86  3390666   $27.41   $27.96     $26.79\n",
       "3  01/25/2021      $27.26  5208525   $27.34   $27.89     $26.07\n",
       "4  01/22/2021      $27.67  3078762    $26.8   $27.69     $26.66"
      ]
     },
     "execution_count": 140,
     "metadata": {},
     "output_type": "execute_result"
    }
   ],
   "source": [
    "#read spirit airlines csv\n",
    "spirit_df = pd.read_csv(\"data/5yrSpiritAirlines.csv\")\n",
    "\n",
    "#display dataframe\n",
    "spirit_df.head()"
   ]
  },
  {
   "cell_type": "code",
   "execution_count": 141,
   "metadata": {},
   "outputs": [
    {
     "data": {
      "text/html": [
       "<div>\n",
       "<style scoped>\n",
       "    .dataframe tbody tr th:only-of-type {\n",
       "        vertical-align: middle;\n",
       "    }\n",
       "\n",
       "    .dataframe tbody tr th {\n",
       "        vertical-align: top;\n",
       "    }\n",
       "\n",
       "    .dataframe thead th {\n",
       "        text-align: right;\n",
       "    }\n",
       "</style>\n",
       "<table border=\"1\" class=\"dataframe\">\n",
       "  <thead>\n",
       "    <tr style=\"text-align: right;\">\n",
       "      <th></th>\n",
       "      <th>Date</th>\n",
       "      <th>SAVE_Close/Last</th>\n",
       "      <th>SAVE_Volume</th>\n",
       "      <th>SAVE_Open</th>\n",
       "      <th>SAVE_High</th>\n",
       "      <th>SAVE_Low</th>\n",
       "    </tr>\n",
       "  </thead>\n",
       "  <tbody>\n",
       "    <tr>\n",
       "      <th>0</th>\n",
       "      <td>01/28/2021</td>\n",
       "      <td>$26.71</td>\n",
       "      <td>7819099</td>\n",
       "      <td>$26.76</td>\n",
       "      <td>$27.45</td>\n",
       "      <td>$26.06</td>\n",
       "    </tr>\n",
       "    <tr>\n",
       "      <th>1</th>\n",
       "      <td>01/27/2021</td>\n",
       "      <td>$25.45</td>\n",
       "      <td>7976574</td>\n",
       "      <td>$26.28</td>\n",
       "      <td>$27.02</td>\n",
       "      <td>$25.2001</td>\n",
       "    </tr>\n",
       "    <tr>\n",
       "      <th>2</th>\n",
       "      <td>01/26/2021</td>\n",
       "      <td>$26.86</td>\n",
       "      <td>3390666</td>\n",
       "      <td>$27.41</td>\n",
       "      <td>$27.96</td>\n",
       "      <td>$26.79</td>\n",
       "    </tr>\n",
       "    <tr>\n",
       "      <th>3</th>\n",
       "      <td>01/25/2021</td>\n",
       "      <td>$27.26</td>\n",
       "      <td>5208525</td>\n",
       "      <td>$27.34</td>\n",
       "      <td>$27.89</td>\n",
       "      <td>$26.07</td>\n",
       "    </tr>\n",
       "    <tr>\n",
       "      <th>4</th>\n",
       "      <td>01/22/2021</td>\n",
       "      <td>$27.67</td>\n",
       "      <td>3078762</td>\n",
       "      <td>$26.8</td>\n",
       "      <td>$27.69</td>\n",
       "      <td>$26.66</td>\n",
       "    </tr>\n",
       "  </tbody>\n",
       "</table>\n",
       "</div>"
      ],
      "text/plain": [
       "         Date SAVE_Close/Last  SAVE_Volume SAVE_Open SAVE_High   SAVE_Low\n",
       "0  01/28/2021          $26.71      7819099    $26.76    $27.45     $26.06\n",
       "1  01/27/2021          $25.45      7976574    $26.28    $27.02   $25.2001\n",
       "2  01/26/2021          $26.86      3390666    $27.41    $27.96     $26.79\n",
       "3  01/25/2021          $27.26      5208525    $27.34    $27.89     $26.07\n",
       "4  01/22/2021          $27.67      3078762     $26.8    $27.69     $26.66"
      ]
     },
     "execution_count": 141,
     "metadata": {},
     "output_type": "execute_result"
    }
   ],
   "source": [
    "#renaming columns to differentiate between datasets\n",
    "spirit = spirit_df.rename(columns={\" Close/Last\":\"SAVE_Close/Last\",\" Volume\":\"SAVE_Volume\",\" Open\":\"SAVE_Open\",\" High\":\"SAVE_High\",\" Low\":\"SAVE_Low\"})\n",
    "\n",
    "#display dataframe\n",
    "spirit.head()"
   ]
  },
  {
   "cell_type": "code",
   "execution_count": 142,
   "metadata": {},
   "outputs": [
    {
     "data": {
      "text/html": [
       "<div>\n",
       "<style scoped>\n",
       "    .dataframe tbody tr th:only-of-type {\n",
       "        vertical-align: middle;\n",
       "    }\n",
       "\n",
       "    .dataframe tbody tr th {\n",
       "        vertical-align: top;\n",
       "    }\n",
       "\n",
       "    .dataframe thead th {\n",
       "        text-align: right;\n",
       "    }\n",
       "</style>\n",
       "<table border=\"1\" class=\"dataframe\">\n",
       "  <thead>\n",
       "    <tr style=\"text-align: right;\">\n",
       "      <th></th>\n",
       "      <th>Date</th>\n",
       "      <th>SAVE_Close/Last</th>\n",
       "      <th>SAVE_Volume</th>\n",
       "      <th>SAVE_Open</th>\n",
       "      <th>SAVE_High</th>\n",
       "      <th>SAVE_Low</th>\n",
       "    </tr>\n",
       "  </thead>\n",
       "  <tbody>\n",
       "    <tr>\n",
       "      <th>0</th>\n",
       "      <td>2021-01-28</td>\n",
       "      <td>$26.71</td>\n",
       "      <td>7819099</td>\n",
       "      <td>$26.76</td>\n",
       "      <td>$27.45</td>\n",
       "      <td>$26.06</td>\n",
       "    </tr>\n",
       "    <tr>\n",
       "      <th>1</th>\n",
       "      <td>2021-01-27</td>\n",
       "      <td>$25.45</td>\n",
       "      <td>7976574</td>\n",
       "      <td>$26.28</td>\n",
       "      <td>$27.02</td>\n",
       "      <td>$25.2001</td>\n",
       "    </tr>\n",
       "    <tr>\n",
       "      <th>2</th>\n",
       "      <td>2021-01-26</td>\n",
       "      <td>$26.86</td>\n",
       "      <td>3390666</td>\n",
       "      <td>$27.41</td>\n",
       "      <td>$27.96</td>\n",
       "      <td>$26.79</td>\n",
       "    </tr>\n",
       "    <tr>\n",
       "      <th>3</th>\n",
       "      <td>2021-01-25</td>\n",
       "      <td>$27.26</td>\n",
       "      <td>5208525</td>\n",
       "      <td>$27.34</td>\n",
       "      <td>$27.89</td>\n",
       "      <td>$26.07</td>\n",
       "    </tr>\n",
       "    <tr>\n",
       "      <th>4</th>\n",
       "      <td>2021-01-22</td>\n",
       "      <td>$27.67</td>\n",
       "      <td>3078762</td>\n",
       "      <td>$26.8</td>\n",
       "      <td>$27.69</td>\n",
       "      <td>$26.66</td>\n",
       "    </tr>\n",
       "  </tbody>\n",
       "</table>\n",
       "</div>"
      ],
      "text/plain": [
       "        Date SAVE_Close/Last  SAVE_Volume SAVE_Open SAVE_High   SAVE_Low\n",
       "0 2021-01-28          $26.71      7819099    $26.76    $27.45     $26.06\n",
       "1 2021-01-27          $25.45      7976574    $26.28    $27.02   $25.2001\n",
       "2 2021-01-26          $26.86      3390666    $27.41    $27.96     $26.79\n",
       "3 2021-01-25          $27.26      5208525    $27.34    $27.89     $26.07\n",
